correct: 324.0, inconclusive: 132.0, wrong: 358.0
correct%: 0.39803439803439805, inconclusive%: 0.16216216216216217, wrong%: 0.4398034398034398
