correct: 368.0, inconclusive: 131.0, wrong: 315.0
correct%: 0.4520884520884521, inconclusive%: 0.16093366093366093, wrong%: 0.386977886977887
