correct: 354.0, inconclusive: 127.0, wrong: 333.0
correct%: 0.4348894348894349, inconclusive%: 0.15601965601965603, wrong%: 0.4090909090909091
